400.215 24.75
400.584 26.0009
400.953 25.5017
401.322 26.5026
401.691 27.7535
402.06 25.7543
402.427 20.7552
402.796 25.7561
403.165 23.0069
403.533 24.7578
403.901 26.0086
404.27 30.0095
404.638 30.2604
405.005 22.0112
405.374 25.5121
405.742 29.013
406.109 24.0138
406.478 26.7647
406.845 27.0156
407.213 17.5164
407.581 24.0173
407.948 23.0182
408.316 22.519
408.683 30.2699
409.051 20.7708
409.418 31.7716
409.784 23.7725
410.152 31.2734
410.519 32.0242
410.887 31.2751
411.253 37.0259
411.62 38.7768
411.987 48.5277
412.353 40.5285
412.72 37.7794
413.086 37.0303
413.453 38.0311
413.82 35.532
414.186 24.7829
414.552 25.0337
414.918 26.2846
415.285 28.0355
415.651 24.5363
416.017 31.0372
416.383 28.5381
416.749 28.2889
417.114 23.0398
417.48 33.0406
417.846 27.2915
418.211 27.0424
418.577 23.5432
418.942 19.5441
419.308 27.795
419.673 25.2958
420.038 23.7967
420.404 29.2976
420.769 26.2984
421.134 27.7993
421.498 22.8002
421.863 31.551
422.229 29.5519
422.594 28.3028
422.958 25.5536
423.322 22.3045
423.687 29.5553
424.052 33.0562
424.417 25.5571
424.78 25.3079
425.145 22.8088
425.51 24.8097
425.873 25.0605
426.238 25.8114
426.601 21.3123
426.965 26.8131
427.33 26.814
427.693 22.5649
428.057 19.0657
428.42 25.0666
428.785 31.0675
429.148 31.0683
429.512 17.3192
429.875 31.5701
430.237 26.0709
430.601 26.0718
430.964 28.8226
431.328 26.5735
431.691 28.5744
432.053 32.0752
432.417 21.5761
432.779 28.077
433.142 22.5778
433.504 24.0787
433.868 23.3296
434.23 19.5804
434.592 19.3313
434.955 20.3322
435.318 23.583
435.68 28.5839
436.042 25.5848
436.404 22.0856
436.766 20.5865
437.128 28.0873
437.49 22.5882
437.852 25.0891
438.214 36.0899
438.575 24.0908
438.937 21.5917
439.299 30.5925
439.66 25.3434
440.022 29.5943
440.383 30.0951
440.745 25.346
441.106 34.8469
441.467 25.5977
441.829 26.0986
442.19 27.8495
442.55 22.6003
442.911 22.6012
443.272 23.8521
443.633 29.3529
443.994 35.8538
444.354 26.1046
444.715 26.6055
445.076 28.6064
445.435 26.3572
445.796 32.8581
446.157 22.609
446.516 28.1098
446.877 31.1107
447.237 32.1116
447.597 27.8624
447.957 24.6133
448.317 31.6142
448.677 29.365
449.036 28.8659
449.396 30.6168
449.756 29.9926
450.116 23.3685
450.475 31.6193
450.835 19.8702
451.194 29.2461
451.553 30.8719
451.912 30.4978
452.271 28.6237
452.631 28.1245
452.989 29.1254
453.348 27.3763
453.708 21.6271
454.066 23.628
454.425 31.3789
454.783 30.1297
455.142 19.6306
455.501 27.8815
455.859 20.3823
456.217 21.8832
456.576 23.634
456.934 24.8849
457.292 24.6358
457.65 26.3866
458.008 22.6375
458.366 24.3884
458.724 28.1392
459.082 23.3901
459.439 28.391
459.797 25.8918
460.155 27.1427
460.512 22.6436
460.87 24.8944
461.227 24.1453
461.585 21.6462
461.942 22.397
462.299 32.8979
462.657 23.3988
463.014 23.3996
463.371 30.4005
463.727 16.6513
464.084 19.9022
464.441 27.6531
464.798 25.9039
465.155 26.1548
465.511 26.1557
465.868 30.6565
466.224 28.9074
466.58 25.4083
466.937 27.9091
467.293 20.66
467.649 26.1609
468.005 24.9117
468.362 26.4126
468.717 27.9135
469.074 25.4143
469.429 26.1652
469.785 25.916
470.141 16.4169
470.496 24.1678
470.852 31.4186
471.207 26.1695
471.563 2.17037
471.918 26.1712
472.273 24.4221
472.629 25.173
472.984 20.9238
473.339 27.9247
473.694 23.1756
474.049 23.9264
474.404 30.6773
474.759 30.1782
475.113 18.429
475.468 18.6799
475.823 28.6807
476.177 32.4316
476.531 21.9325
476.886 23.4333
477.241 23.6842
477.595 28.6851
477.949 20.9359
478.303 23.1868
478.657 27.6877
479.011 27.4385
479.365 27.1894
479.719 24.6903
480.073 21.4411
480.426 26.192
480.78 22.9429
481.133 29.6937
481.487 20.1946
481.84 27.6955
482.194 28.1963
482.547 29.6972
482.9 29.948
483.254 23.5989
483.607 32.4998
483.96 21.7006
484.313 29.5515
484.666 17.7024
485.018 26.3532
485.371 26.5041
485.724 25.405
486.076 25.0558
486.429 26.9567
486.781 32.2076
487.134 30.4584
487.486 21.7093
487.839 18.9602
488.19 24.711
488.543 33.4619
488.895 26.7127
489.247 23.2136
489.599 31.7145
489.951 21.7153
490.302 22.4662
490.654 21.9671
491.006 25.7179
491.357 22.4688
491.709 29.9697
492.06 20.7205
492.412 30.9714
492.763 23.9723
493.114 21.7231
493.465 29.224
493.817 30.4749
494.167 19.9757
494.519 30.9766
494.869 22.9775
495.22 26.7283
495.571 33.4792
495.922 20.48
496.273 26.2309
496.623 25.9818
496.973 29.2326
497.324 21.2335
497.674 34.4844
498.024 20.7352
498.374 25.4861
498.725 30.737
499.075 27.2378
499.425 17.7387
499.775 22.9896
500.124 29.9904
500.475 31.2413
500.825 24.9922
501.174 30.243
501.524 17.7439
501.873 26.9947
502.222 29.4956
502.572 23.2465
502.921 23.9973
503.27 24.2482
503.619 19.4991
503.969 24.4999
504.318 30.5008
504.667 34.2517
505.015 24.7525
505.364 18.5034
505.713 16.0043
506.062 24.7551
506.411 15.756
506.759 23.0069
507.108 25.7577
507.457 23.2586
507.805 20.5094
508.153 29.0103
508.501 22.7612
508.849 25.262
509.198 22.7629
509.546 28.2638
509.893 32.0146
510.241 21.5155
510.589 24.5164
510.937 26.5172
511.284 15.2681
511.632 27.269
511.98 33.7698
512.327 28.2707
512.675 20.2716
513.022 23.7724
513.369 27.7733
513.717 25.0242
514.063 28.775
514.411 22.0259
514.757 25.0267
515.105 17.7776
515.451 26.5285
515.798 22.7793
516.145 18.0302
516.492 28.7811
516.838 26.7819
517.185 27.2828
517.531 21.2837
517.878 28.7845
518.224 29.0354
518.57 28.2863
518.917 22.7871
519.263 20.538
519.608 27.2889
519.955 20.5397
520.3 19.7906
520.646 29.7914
520.993 24.2923
521.338 28.2932
521.683 34.044
522.029 27.2949
522.375 22.5458
522.72 19.5466
523.065 25.5475
523.41 26.2984
523.756 30.0492
524.101 24.3001
524.447 23.051
524.791 19.8018
525.136 22.8027
525.481 27.3036
525.826 27.0544
526.171 31.3053
526.515 26.0562
526.86 34.057
527.204 24.3079
527.549 27.0587
527.893 26.0596
528.238 29.3105
528.582 29.3113
528.926 30.8122
529.27 36.5631
529.615 21.8139
529.959 31.8148
530.302 26.5657
530.646 33.0665
530.99 21.5674
531.333 30.0683
531.677 27.3191
532.021 23.57
532.364 21.0709
532.707 26.5717
533.051 25.5726
533.395 31.0734
533.738 28.0743
534.081 20.8252
534.424 32.576
534.767 27.0769
535.11 30.5778
535.453 28.8286
535.796 22.8295
536.138 23.3304
536.481 25.8312
536.823 26.0821
537.166 27.833
537.509 24.8338
537.851 25.0847
538.194 18.8356
538.536 22.3364
538.878 25.8373
539.22 14.3381
539.563 26.589
539.904 27.8399
540.247 22.8407
540.588 28.0916
540.93 19.8425
541.272 31.3433
541.613 28.3442
541.955 28.8451
542.296 23.5959
542.639 20.8468
542.98 23.3477
543.321 30.3485
543.663 28.5994
544.003 29.8503
544.344 23.6011
544.685 28.602
545.027 23.1028
545.367 21.8537
545.708 26.1046
546.049 22.3554
546.39 22.3563
546.731 22.8572
547.071 23.108
547.411 19.1089
547.752 24.1098
548.093 24.6106
548.433 20.8615
548.773 34.8624
549.113 20.8632
549.453 30.3641
549.793 22.365
550.133 27.1158
550.473 24.3667
550.813 29.8676
551.153 28.3684
551.492 21.6193
551.832 35.3701
552.172 30.871
552.511 24.3719
552.851 16.3727
553.19 22.1236
553.529 23.3745
553.869 28.3753
554.208 24.1262
554.547 21.3771
554.885 26.8779
555.224 27.8788
555.564 28.8797
555.903 27.3805
556.241 25.1314
556.58 26.8823
556.918 26.6331
557.257 12.384
557.596 32.6348
557.934 33.6357
558.272 27.3866
558.611 17.8874
558.949 27.6383
559.287 24.8892
559.625 33.14
559.963 26.3909
560.301 23.8918
560.639 29.3926
560.977 32.6435
561.314 25.3944
561.652 17.6452
561.989 27.8961
562.327 30.147
562.664 24.8978
563.002 23.8987
563.339 26.8996
563.676 12.4004
564.013 27.9013
564.351 26.4021
564.687 30.653
565.025 20.9039
565.361 31.4047
565.699 20.1556
566.035 21.4065
566.372 34.9073
566.709 22.4082
567.045 24.4091
567.382 20.4099
567.718 26.1608
568.054 22.4117
568.391 24.9125
568.727 24.6634
569.063 28.0643
569.399 30.0401
569.735 19.766
570.071 27.2418
570.407 27.9677
570.743 24.9186
571.079 24.1694
571.414 25.6703
571.75 24.9212
572.085 27.922
572.421 26.6729
572.757 21.1738
573.092 24.1746
573.427 25.4255
573.762 24.4264
574.097 30.6772
574.432 27.4281
574.767 29.929
575.102 16.1798
575.437 22.6807
575.772 25.9316
576.107 19.4324
576.441 26.1833
576.776 24.9341
577.11 32.685
577.445 35.1859
577.779 28.4367
578.114 21.4376
578.448 30.9385
578.782 19.1893
579.117 21.4402
579.451 25.9411
579.785 26.9419
580.118 22.4428
580.452 13.4437
580.786 24.4445
581.12 33.6954
581.454 23.6963
581.787 21.9471
582.12 30.948
582.454 24.6988
582.787 16.4497
583.121 24.4506
583.454 20.4514
583.787 32.7023
584.12 18.9532
584.453 22.954
584.786 9.7049
585.119 28.9558
585.452 25.4566
585.785 21.7075
586.118 23.7084
586.45 25.9592
586.783 21.4601
587.115 27.211
587.447 24.2118
587.78 26.2127
588.112 27.4635
588.445 20.4644
588.776 24.9653
589.109 21.4661
589.44 23.217
589.773 14.7179
590.104 30.2187
590.437 32.4696
590.768 25.2205
591.1 19.2213
591.431 29.2222
591.763 20.4731
592.095 33.2239
592.426 20.9748
592.758 23.4757
593.088 24.9765
593.419 17.4774
593.751 25.4783
594.082 27.4791
594.413 29.98
594.744 25.2308
595.075 18.7317
595.405 22.7326
595.736 16.4834
596.067 23.7343
596.398 25.4852
596.728 30.486
597.058 26.4869
597.389 22.2378
597.72 32.7386
598.05 20.4895
598.38 24.2404
598.71 22.4912
599.04 30.7421
599.369 16.743
599.7 22.7438
600.03 23.9947
600.36 15.4955
600.689 23.2464
601.019 27.9973
601.348 27.7481
601.678 25.499
602.007 25.4999
602.337 28.0007
602.666 27.0016
602.995 25.7525
603.324 28.2533
603.654 27.0042
603.983 28.2551
604.312 21.5059
604.641 16.5068
604.97 26.2577
605.298 32.0085
605.626 25.5094
605.955 29.5103
606.284 26.2611
606.612 31.762
606.941 24.5128
607.27 30.2637
607.598 25.5146
607.925 24.7654
608.254 25.2663
608.582 25.0172
608.91 21.768
609.238 23.0189
609.566 27.0198
609.894 19.0206
610.222 23.7715
610.549 26.5224
610.877 25.5232
611.205 28.2741
611.531 25.025
611.859 23.2758
612.187 22.0267
612.514 21.7775
612.841 19.7784
613.169 24.0293
613.495 22.5301
613.823 21.781
614.149 20.7819
614.476 20.7827
614.803 29.7836
615.13 22.5345
615.456 24.2853
615.783 27.5362
616.11 25.0371
616.436 28.5379
616.763 15.5388
617.089 27.0397
617.415 24.5405
617.741 22.5414
618.067 19.7922
618.394 20.0431
618.719 11.044
619.046 25.0448
619.371 22.7957
619.697 21.0466
620.023 26.5474
620.348 24.0483
620.674 24.5492
621 23.8
621.325 34.3009
621.65 32.3018
621.976 27.5526
622.301 26.5535
622.626 24.0544
622.951 25.0552
623.277 30.3061
623.601 25.3069
623.926 24.0578
624.251 28.8087
624.576 21.5595
624.901 22.0604
625.225 24.3113
625.55 23.8121
625.874 21.563
626.198 25.3139
626.523 20.8147
626.848 25.3156
627.172 31.5665
627.496 20.5673
627.82 20.5682
628.144 7.56906
628.468 17.8199
628.792 18.3208
629.116 26.0717
629.439 22.5725
629.763 25.5734
630.087 27.0742
630.41 19.0751
630.734 33.076
631.057 28.8268
631.381 31.5777
631.704 27.0786
632.027 30.5794
632.351 24.5803
632.674 22.0812
632.997 31.332
633.32 30.0829
633.643 20.0838
633.965 24.5846
634.288 24.5855
634.611 22.5864
634.933 30.5872
635.256 21.5881
635.579 22.589
635.9 17.5898
636.223 26.8407
636.546 30.0915
636.868 14.3424
637.189 33.3433
637.512 30.5941
637.834 21.345
638.156 28.5959
638.477 22.5967
638.8 23.3476
639.122 23.3485
639.443 26.5993
639.765 22.1002
640.086 25.8511
640.407 27.6019
640.729 19.6028
641.051 20.6037
641.371 24.6045
641.693 31.1054
642.014 29.6062
642.335 30.3571
642.657 17.608
642.977 20.3588
643.298 26.1097
643.619 23.6106
643.94 20.3614
644.26 25.6123
644.581 24.6132
644.901 24.114
645.222 28.1149
645.542 24.8658
645.863 23.8666
646.183 23.1175
646.503 24.3684
646.823 25.3692
647.143 28.8701
647.463 26.8709
647.783 26.1218
648.103 30.6227
648.423 19.6235
648.742 18.8744
649.063 28.1253
649.382 31.6261
649.701 27.377
650.021 22.6279
650.34 29.6287
650.659 26.1296
650.979 23.3805
651.298 33.3813
651.617 27.3822
651.936 29.6331
652.255 24.3839
652.574 24.1348
652.893 22.1357
653.212 32.8865
653.53 26.3874
653.85 27.1382
654.168 28.6391
654.486 14.14
654.805 20.6408
655.123 26.6417
655.441 27.8926
655.76 30.3934
656.078 31.3943
656.396 26.8952
656.714 21.396
657.032 22.3969
657.35 27.8978
657.668 21.6486
657.985 30.1495
658.303 14.1504
658.621 33.4012
658.938 19.9021
659.256 22.6529
659.573 24.6538
659.891 21.1547
660.208 24.9055
660.525 26.4064
660.842 18.1573
661.16 28.1581
661.477 30.659
661.794 27.9099
662.111 25.1607
662.428 31.9116
662.745 28.1625
663.06 21.9133
663.377 18.9142
663.694 21.1651
664.011 28.6659
664.327 27.1668
664.644 23.4176
664.96 20.1685
665.276 28.1694
665.592 27.4202
665.908 25.1711
666.225 21.172
666.54 26.1728
666.856 18.9237
667.172 30.4246
667.488 30.6754
667.803 20.6763
668.119 19.1772
668.435 25.678
668.751 17.9289
669.065 25.1798
669.381 19.1806
669.697 27.9315
670.011 25.6824
670.327 20.1832
670.642 17.6841
670.957 19.9349
671.272 15.4358
671.586 22.1867
671.901 28.4375
672.217 21.1884
672.531 28.1893
672.846 23.9401
673.16 20.691
673.475 23.1919
673.789 29.4427
674.104 22.9436
674.417 27.4445
674.732 19.9453
675.046 16.1962
675.36 19.9471
675.674 24.9479
675.988 19.6988
676.302 25.9496
676.616 28.2005
676.929 28.7014
677.244 17.2022
677.557 24.2031
677.87 21.454
678.184 20.9548
678.497 25.7057
678.811 20.7066
679.124 16.4574
679.437 22.2083
679.751 26.4592
680.064 16.46
680.376 22.2109
680.69 31.2118
681.002 27.9626
681.315 19.2135
681.628 21.4643
681.941 18.7152
682.253 24.7161
682.565 18.9669
682.879 20.7178
683.191 12.4687
683.503 17.2195
683.815 19.4704
684.128 21.2213
684.44 25.4721
684.752 20.223
685.064 21.4739
685.376 21.7247
685.687 27.4756
686 14.9765
686.312 27.9773
686.623 27.4782
686.935 25.2291
687.246 28.4799
687.557 18.7308
687.869 25.9816
688.18 15.2325
688.491 14.9834
688.803 27.2342
689.114 23.7351
689.425 25.486
689.736 27.4868
690.047 16.4877
690.358 18.4886
690.669 21.7394
690.98 31.4903
691.29 25.2412
691.601 18.742
691.912 18.2429
692.222 23.4938
692.533 25.9946
692.843 25.7455
693.152 25.2463
693.463 24.7472
693.773 21.7481
694.083 18.9989
694.393 17.7498
694.703 22.2507
695.013 22.5015
695.323 29.5024
695.633 24.2533
695.942 29.7541
696.252 24.005
696.561 25.7559
696.871 24.7567
697.181 26.2576
697.49 26.2585
697.799 27.7593
698.108 20.7602
698.418 21.7611
698.727 33.5119
699.035 26.5128
699.344 14.5136
699.653 19.0145
699.963 22.7654
700.271 15.7662
700.58 27.2671
700.888 23.268
701.196 24.7688
701.505 18.7697
701.814 27.7706
702.121 18.7714
702.43 21.5223
702.739 25.5232
703.046 23.274
703.355 22.7749
703.663 27.7758
703.97 20.2766
704.279 24.5275
704.586 21.0283
704.894 26.7792
705.202 23.0301
705.509 20.5309
705.817 20.7818
706.124 17.7827
706.432 22.0335
706.739 23.7844
707.047 26.5353
707.353 27.5361
707.661 25.037
707.967 17.0379
708.275 21.5387
708.581 27.0396
708.889 15.7905
709.195 22.7913
709.503 21.5422
709.809 23.8018
710.115 23.0593
710.422 20.3511
710.728 25.0471
711.035 18.0353
711.341 23.8627
711.648 22.1663
711.954 17.7875
712.26 19.7657
712.566 20.8823
712.872 27.6254
713.178 19.0102
713.484 29.049
713.79 21.0987
714.095 29.1152
714.401 23.9558
714.707 19.8161
715.012 17.4303
715.318 20.5694
715.623 15.6887
715.928 24.5519
716.233 23.5308
716.539 25.2456
716.844 24.6113
717.149 29.1881
717.454 18.2968
717.759 24.9058
718.064 26.9452
718.369 29.3794
718.674 20.4544
718.978 17.5592
719.283 30.0663
719.587 26.7957
719.892 18.5481
720.197 23.407
720.501 24.7207
720.805 20.8451
721.109 19.0323
721.413 20.9236
721.717 19.7688
722.021 24.6209
722.326 27.428
722.63 22.5352
722.933 22.5962
723.237 23.5536
723.541 26.7272
723.844 23.6028
724.148 23.8146
724.451 24.1522
724.755 22.2606
725.058 27.485
725.361 17.5252
725.665 23.2418
725.968 19.585
726.271 23.4519
726.574 25.2691
726.877 16.7183
727.18 22.0612
727.483 27.4159
727.785 19.0068
728.088 28.5261
728.39 24.8899
728.693 21.9144
728.995 24.8179
729.298 21.238
729.6 21.6193
729.903 23.4872
730.205 27.2507
730.507 23.6719
730.809 25.6007
731.111 25.3905
731.413 24.8633
731.715 24.8431
732.017 22.9462
732.318 24.6694
732.62 22.8107
732.922 24.9769
733.223 28.3645
733.525 24.9386
733.826 21.5552
734.127 22.4266
734.429 23.7884
734.73 17.8846
735.031 23.1076
735.332 21.5665
735.634 23.3505
735.935 18.4114
736.235 21.8585
736.536 23.1685
736.837 26.4266
737.137 26.4492
737.438 24.4947
737.739 23.9435
738.039 26.5554
738.34 25.8763
738.64 24.3991
738.94 32.3708
739.241 26.9402
739.54 23.5031
739.841 26.6986
740.141 19.1566
740.441 21.6806
740.741 26.7873
741.04 26.2311
741.34 25.9222
741.64 27.4414
741.889 18.9918
742.217 23.2478
742.544 18.7538
742.872 26.7599
743.2 27.5159
743.528 21.2719
743.856 29.028
744.183 23.034
744.51 24.7901
744.837 30.0461
745.165 23.3021
745.492 25.8082
745.82 20.3142
746.146 28.0702
746.474 24.3263
746.801 19.0823
747.128 26.8384
747.455 18.5944
747.781 25.3504
748.108 23.1065
748.435 22.6125
748.762 21.6185
749.088 27.1246
749.414 18.3806
749.741 24.6366
750.067 28.8927
750.394 18.3987
750.72 28.9048
751.046 26.6608
751.372 31.1668
751.699 28.9229
752.025 22.6789
752.35 28.9349
752.677 23.441
753.002 21.947
753.328 24.453
753.653 22.4591
753.979 21.4651
754.305 30.9712
754.63 23.9772
754.956 27.4832
755.281 25.4893
755.606 25.4953
755.932 33.0013
756.257 27.0074
756.582 28.2634
756.907 36.2694
757.232 35.0255
757.557 28.0315
757.882 25.2876
758.206 20.0436
758.531 28.7996
758.856 29.3057
759.18 31.0617
759.505 23.3177
759.829 30.8238
760.154 27.8298
760.478 27.8358
760.802 29.8419
761.127 19.0979
761.451 20.354
761.775 27.11
762.099 26.366
762.423 22.1221
762.747 20.8781
763.071 20.3841
763.395 22.6402
763.719 18.1462
764.042 20.9022
764.365 29.4083
764.689 24.9143
765.012 26.6704
765.336 26.6764
765.659 23.9324
765.982 27.4385
766.305 24.9445
766.629 23.2005
766.952 22.7066
767.275 23.2126
767.597 25.2186
767.921 24.7247
768.244 28.2307
768.566 26.9868
768.889 23.4928
769.212 28.7488
769.534 21.0049
769.856 25.7609
770.179 23.7669
770.502 24.273
770.823 29.779
771.146 21.785
771.468 21.2911
771.79 24.7971
772.112 21.3032
772.434 24.5592
772.756 25.3152
773.078 29.5713
773.4 21.3273
773.721 28.3333
774.043 21.8394
774.365 23.8454
774.686 16.3514
775.008 9.10748
775.329 20.6135
775.651 31.3696
775.972 32.6256
776.293 28.3816
776.614 24.3877
776.935 24.3937
777.256 22.8997
777.577 20.9058
777.898 28.9118
778.219 27.6678
778.539 28.1739
778.86 25.4299
779.181 27.186
779.502 23.442
779.822 29.448
780.142 23.9541
780.463 21.4601
780.783 34.2161
781.103 18.4722
781.424 21.2282
781.744 32.7342
782.064 25.7403
782.383 28.9963
782.704 21.5024
783.024 17.5084
783.343 22.7644
783.663 21.5205
783.983 29.7765
784.303 29.0325
784.622 30.7886
784.941 25.5446
785.261 32.8006
785.58 21.0567
785.9 19.0627
786.219 17.5688
786.538 28.0748
786.857 26.0808
787.176 19.8369
787.495 26.0929
787.814 24.8489
788.133 24.855
788.451 21.861
788.771 23.3671
789.089 27.6231
789.408 35.6291
789.727 27.1352
790.045 22.8912
790.364 26.6472
790.682 26.4033
791 31.4093
791.318 28.6653
791.637 26.4214
791.954 22.6774
792.272 22.6835
792.59 27.4395
792.908 24.6955
793.226 28.4516
793.544 29.4576
793.861 23.7136
794.179 25.7197
794.497 33.7257
794.814 27.7317
795.132 29.2378
795.449 25.7438
795.766 26.9998
796.083 29.2559
796.401 28.0119
796.718 24.018
797.035 24.274
797.352 26.28
797.669 28.7861
797.986 16.7921
798.303 23.5481
798.619 28.3042
798.936 20.8102
799.253 19.5662
799.57 28.8223
799.885 19.8283
800.202 21.0844
800.519 27.8404
800.834 28.0964
801.151 23.8525
801.467 28.3585
801.783 23.1145
802.099 21.1206
802.416 20.8766
802.731 28.3827
803.047 30.6387
803.363 23.3947
803.679 22.4008
803.995 26.4068
804.31 23.9128
804.626 26.1689
804.941 28.1749
805.256 17.9309
805.572 31.187
805.887 20.693
806.202 25.6991
806.517 19.9551
806.833 17.2111
807.147 21.4672
807.463 27.4732
807.777 21.2292
808.092 26.9853
808.407 20.9913
808.721 25.9973
809.037 35.2534
809.351 14.5094
809.666 30.5155
809.98 23.0215
810.294 23.5275
810.609 27.0336
810.923 24.0396
811.237 29.2956
811.551 21.0517
811.865 17.0577
812.18 24.0637
812.493 29.8198
812.807 31.5758
813.121 29.0819
813.435 28.5879
813.748 27.5939
814.062 24.35
814.376 21.106
814.689 20.362
815.002 18.8681
815.315 26.1241
815.63 21.3801
815.943 25.8862
816.256 23.6422
816.568 17.6483
816.882 26.4043
817.195 25.1603
817.508 27.1664
817.821 21.1724
818.133 26.4284
818.446 27.1845
818.759 26.1905
819.072 29.4465
819.384 14.4526
819.697 21.9586
820.009 33.7147
820.321 26.9707
820.633 16.2267
820.945 25.9828
821.258 29.9888
821.57 26.7448
821.882 20.2509
822.194 27.5069
822.506 21.2629
822.818 29.019
823.13 31.025
823.442 27.0311
823.753 26.5371
824.065 17.0431
824.377 19.2992
824.688 21.5552
824.999 28.0612
825.31 22.0673
825.621 19.5733
825.932 26.5793
826.244 18.8354
826.555 29.0914
826.866 24.3475
827.177 27.1035
827.488 16.8595
827.799 19.3656
828.11 18.3716
828.42 24.3776
828.73 26.8837
829.041 23.8897
829.352 23.1457
829.663 27.9018
829.973 23.9078
830.283 25.9139
830.593 30.9199
830.903 20.6759
831.214 26.932
831.524 26.688
831.833 13.944
832.144 30.4501
832.454 26.7061
832.764 24.4621
833.073 22.9682
833.383 16.4742
833.693 31.7303
834.002 19.9863
834.311 23.2423
834.621 24.4984
834.931 17.5044
835.239 27.5104
835.549 18.5165
835.858 25.0225
836.167 25.5286
836.476 27.2846
836.786 27.0406
837.094 22.2967
837.403 25.5527
837.711 25.0587
838.021 26.3148
838.33 25.0708
838.638 20.0768
838.947 26.8329
839.255 20.3389
839.563 35.0949
839.871 18.101
840.18 26.357
840.488 27.6131
840.796 17.1191
841.104 32.6251
841.412 27.8812
841.72 29.1372
842.028 30.3932
842.336 25.6493
842.644 26.1553
842.951 18.6614
843.26 25.9174
843.567 21.6734
843.875 13.6795
844.182 17.4355
844.489 15.6915
844.797 22.4476
845.104 23.2036
845.411 26.2096
845.718 27.4657
846.025 30.9717
846.333 16.4778
846.639 21.9838
846.946 23.4898
847.253 29.2459
847.56 23.7519
847.867 13.0079
848.173 26.764
848.48 27.27
848.786 20.776
849.093 23.5321
849.399 23.5381
849.705 23.5442
850.012 18.0502
850.318 15.5562
850.624 26.8123
850.93 21.8183
851.236 25.3243
851.542 22.3304
851.848 18.3364
852.154 20.3424
852.459 20.3485
852.766 25.8545
853.071 20.3606
853.376 25.1166
853.682 22.8726
853.987 19.3787
854.292 21.3847
854.598 20.1407
854.904 27.1468
855.209 32.4028
855.514 27.1588
855.819 21.4149
856.123 23.9209
856.428 18.927
856.733 23.433
857.038 24.939
857.343 24.9451
857.648 26.4511
857.953 20.7071
858.257 20.2132
858.562 23.7192
858.866 29.7252
859.17 30.7313
859.475 23.7373
859.779 19.4934
860.083 17.9994
860.387 23.5054
860.691 18.0115
860.995 16.0175
861.299 26.2735
861.603 19.5296
861.907 30.7856
862.211 32.2916
862.514 21.5477
862.817 36.0537
863.121 29.8098
863.424 31.5658
863.728 35.0718
864.031 29.5779
864.335 27.3339
864.638 29.0899
864.941 21.096
865.244 31.852
865.547 25.108
865.85 28.1141
866.153 23.8701
866.456 28.1262
866.759 21.8822
867.062 26.8882
867.364 26.8943
867.666 18.6503
867.969 22.1563
868.272 26.6624
868.574 28.4184
868.876 30.4244
869.178 24.9305
869.481 22.9365
869.783 22.9426
870.085 28.4486
870.387 15.2046
870.689 26.7107
870.991 18.4667
871.292 17.9727
871.594 29.7288
871.896 21.7348
872.198 27.7408
872.499 28.7469
872.801 20.5029
873.102 16.009
873.403 21.265
873.705 24.021
874.006 26.5271
874.307 28.0331
874.609 24.7891
874.909 26.7952
875.211 24.3012
875.512 22.8072
875.812 22.8133
876.113 19.8193
876.414 17.3254
876.715 14.0814
877.016 16.8374
877.316 28.5935
877.617 18.5995
877.917 22.1055
878.217 22.8616
878.517 27.3676
878.818 22.8736
879.117 28.3797
879.418 15.3857
879.718 20.1418
880.018 16.8978
880.318 26.4038
880.618 20.9099
880.917 13.4159
881.218 23.9219
881.517 19.928
881.817 22.184
882.116 25.4401
882.416 20.9461
882.715 25.4521
883.015 25.9582
883.314 24.2142
883.613 27.9702
883.912 20.2263
884.211 29.2323
884.511 22.4883
884.809 20.7444
885.108 24.2504
885.407 24.7564
885.706 22.5125
886.004 22.2685
886.304 27.2746
886.602 18.0306
886.901 21.2866
887.199 25.2927
887.497 23.5487
887.795 27.8047
888.094 23.5608
888.392 21.3168
888.69 16.0728
888.989 19.5789
889.287 25.0849
889.584 18.591
889.882 23.097
890.181 17.353
890.478 30.1091
890.776 19.8651
891.073 16.1211
891.371 21.6272
891.669 15.8832
891.966 16.6393
892.263 24.8953
892.561 23.4013
892.858 25.1574
893.155 21.6634
893.452 23.9194
893.749 25.9255
894.047 19.1815
894.344 24.6875
894.641 19.6936
894.937 20.6996
895.234 25.2057
895.531 23.7117
895.827 30.2177
896.124 18.7238
896.421 24.4798
896.717 16.7358
897.014 16.4919
897.31 18.9979
897.606 17.2539
897.902 21.26
898.198 19.266
898.494 22.0221
898.79 14.5281
899.086 21.2841
899.382 29.0402
899.678 21.0462
899.974 26.5522
900.27 16.3083
900.565 17.5643
900.861 22.5703
901.157 23.8264
901.452 29.0824
901.747 22.0885
902.043 25.5945
902.338 22.8505
902.633 24.8566
902.928 24.8626
903.223 22.6186
903.518 17.8747
903.813 28.3807
904.108 24.1367
904.403 15.8928
904.697 21.8988
904.992 22.1549
905.287 17.6609
905.582 23.4169
905.876 15.923
906.171 17.429
906.465 21.185
906.759 28.4411
907.053 23.6971
907.347 25.4531
907.642 23.4592
907.936 14.2152
908.23 16.2213
908.524 25.9773
908.818 19.4833
909.111 19.9894
909.405 20.9954
909.699 24.0014
909.993 12.0075
910.286 20.0135
910.579 21.7695
910.873 20.2756
911.166 19.0316
911.46 20.7877
911.753 18.7937
912.046 23.5497
912.339 17.8058
912.632 22.8118
912.926 15.8178
913.218 18.3239
913.511 22.0799
913.804 22.8359
914.097 29.592
914.389 17.098
914.682 25.6041
914.975 27.6101
915.267 22.8661
915.559 25.1222
915.852 26.3782
916.144 22.8842
916.436 25.6403
916.729 23.6463
917.021 27.1523
917.312 22.6584
917.605 25.6644
917.897 15.1705
918.188 23.6765
918.48 20.6825
918.772 19.6886
919.063 14.9446
919.355 20.7006
919.646 12.2067
919.938 24.2127
920.23 23.2187
920.521 23.2248
920.813 24.2308
921.103 25.7369
921.395 17.4929
921.686 28.2489
921.977 19.505
922.268 19.761
922.559 25.767
922.85 22.5231
923.14 23.0291
923.431 23.5352
923.722 22.0412
924.013 17.5472
924.303 26.8033
924.594 9.3093
924.884 21.8153
925.174 17.3214
925.464 28.8274
925.755 15.5834
926.045 25.8395
926.335 27.0955
926.625 26.8516
926.915 18.6076
927.205 22.8636
927.495 21.1197
927.784 24.8757
928.075 26.3817
928.364 25.6378
928.653 21.6438
928.943 18.6498
929.232 19.4059
929.522 19.6619
929.811 23.168
930.101 26.674
930.39 23.18
930.679 25.6861
930.968 19.9421
931.257 21.1981
931.546 17.2042
931.835 21.4602
932.124 20.7162
932.413 19.4723
932.702 23.4783
932.99 20.4844
933.279 21.4904
933.567 16.2464
933.855 26.0025
934.144 18.5085
934.433 19.5145
934.721 22.2706
935.009 25.0266
935.297 20.5326
935.585 22.0387
935.873 20.2947
936.162 22.5508
936.449 29.0568
936.737 19.8128
937.025 13.0689
937.313 24.3249
937.6 24.5809
937.887 19.837
938.175 17.593
938.463 18.849
938.75 20.1051
939.037 25.6111
939.325 17.8672
939.612 24.1232
939.899 21.3792
940.186 23.1353
940.473 16.8913
940.76 20.6473
941.047 20.1534
941.334 25.1594
941.621 27.4154
941.907 23.9215
942.194 21.9275
942.481 22.6836
942.767 28.1896
943.054 21.6956
943.34 26.2017
943.626 26.7077
943.912 23.9637
944.199 24.7198
944.485 24.9758
944.771 23.9818
945.057 23.4879
945.343 20.7439
945.629 24.5
945.915 14.256
946.2 21.512
946.486 27.0181
946.772 20.7741
947.058 25.2801
947.343 7.03617
947.629 25.7922
947.914 33.0482
948.199 18.5543
948.485 26.8103
948.77 29.0664
949.055 17.5724
949.34 13.8284
949.625 21.5845
949.91 22.5905
950.195 24.5965
950.48 14.6026
950.764 23.8586
951.049 21.8646
951.334 27.1207
951.618 22.1267
951.903 26.1328
952.187 24.8888
952.472 21.8948
952.756 22.4009
953.04 18.9069
953.325 19.1629
953.609 19.669
953.893 23.675
954.177 19.431
954.461 13.4371
954.745 24.1931
955.029 24.1992
955.313 17.9552
955.596 26.9612
955.88 24.4673
956.164 16.4733
956.447 20.9793
956.73 19.9854
957.013 23.7414
957.297 23.4974
957.58 19.0035
957.863 26.0095
958.147 26.0156
958.43 18.7716
958.713 24.5276
958.996 17.5337
959.279 26.0397
959.561 26.0457
959.844 20.5518
960.127 30.0578
960.41 19.8138
960.692 18.0699
960.975 24.0759
961.257 24.082
961.539 28.338
961.822 24.094
962.104 14.8501
962.387 22.6061
962.669 22.3621
962.95 18.6182
963.232 18.1242
963.515 26.1302
963.797 25.1363
964.079 20.6423
964.36 25.3984
964.642 20.6544
964.924 24.1604
965.205 24.6665
965.487 19.9225
965.768 32.1785
966.049 27.9346
966.331 20.4406
966.612 26.9467
966.893 20.4527
967.174 30.2087
967.456 17.9648
967.737 25.2208
968.017 15.2268
968.298 23.4829
968.58 29.4889
968.86 18.4949
969.141 24.251
969.422 25.257
969.702 25.513
969.982 23.0191
970.263 30.0251
970.544 22.2812
970.823 31.0372
971.104 21.2932
971.385 27.0493
971.664 24.3053
971.944 22.8113
972.225 14.3174
972.504 22.8234
972.784 16.8295
973.065 29.5855
973.344 23.0915
973.624 30.5976
973.904 21.1036
974.183 23.3596
974.463 20.6157
974.741 22.3717
975.021 18.3777
975.301 14.6338
975.58 17.8898
975.859 30.3959
976.138 31.4019
976.417 31.1579
976.697 23.914
976.975 31.17
977.254 26.676
977.533 29.4321
977.812 36.4381
978.091 23.9441
978.369 26.2002
978.648 32.2062
978.926 31.2123
979.205 29.2183
979.483 37.2243
979.762 27.7304
980.04 19.9864
980.318 18.9924
980.596 25.7485
980.874 26.0045
981.153 26.0105
981.43 24.7666
981.709 31.2726
981.986 35.0287
982.264 26.0347
982.541 30.7907
982.82 26.0468
983.097 35.8028
983.375 34.8088
983.652 33.5649
983.93 31.0709
984.206 29.5769
984.484 22.083
984.761 33.589
985.039 27.5951
985.315 35.1011
985.593 36.3571
985.869 30.8632
986.146 41.1192
986.423 25.3752
986.7 25.1313
986.977 28.3873
987.253 29.3933
987.53 28.6494
987.806 25.9054
988.083 23.9115
988.359 20.6675
988.635 23.6735
988.912 29.9021
989.188 25.6399
989.465 22.2317
989.74 22.876
990.016 26.9935
990.293 26.0721
990.568 31.3907
990.845 22.533
991.12 18.2656
991.395 20.7081
991.672 19.8646
991.947 28.4905
992.223 22.4702
992.498 20.0089
992.773 15.9622
993.049 23.9417
993.324 17.6859
993.599 29.6928
993.875 25.1656
994.15 22.219
994.424 20.3823
994.7 20.2333
994.974 23.8254
995.249 24.3303
995.524 20.5901
995.799 26.4867
996.073 22.17
996.349 24.1007
996.623 25.431
996.897 17.5964
997.172 17.2868
997.446 18.8734
997.72 22.8761
997.995 21.732
998.269 21.8797
998.543 16.216
998.817 23.333
999.091 22.9975
999.365 24.2981
999.638 18.2979
999.913 21.3522
1000.19 20.4632
1000.46 23.2634
1000.73 26.1412
1001.01 24.7231
1001.28 17.5713
1001.55 20.8086
1001.83 20.7133
1002.1 21.451
1002.37 21.5927
1002.65 16.6428
1002.92 17.3677
1003.19 21.387
1003.47 20.6197
1003.74 22.8037
1004.01 23.3903
1004.28 22.8455
1004.56 23.3165
1004.83 21.9894
1005.1 19.3974
1005.38 23.5077
1005.65 23.6735
1005.92 23.6931
1006.19 29.1262
1006.47 22.6096
1006.74 20.3884
1007.01 20.9891
1007.28 19.291
1007.55 21.3714
1007.83 22.9486
1008.1 19.7635
1008.37 20.755
1008.64 16.6262
1008.91 14.6866
1009.18 15.668
1009.46 20.7423
1009.73 23.5832
1010 27.4702
1010.27 23.5515
1010.54 15.4623
1010.81 18.1525
1011.08 23.9764
1011.36 19.3535
1011.63 22.8659
1011.9 22.2614
1012.17 20.4987
1012.44 22.7016
1012.71 21.8204
1012.98 21.8525
1013.25 20.8205
1013.52 22.6494
1013.79 20.6282
1014.07 21.1364
1014.34 20.1032
1014.61 15.7678
1014.88 20.287
1015.15 10.2584
1015.42 16.4374
1015.69 19.6623
1015.96 19.9683
1016.23 19.9778
1016.5 18.6549
1016.77 17.9261
1017.04 19.4481
1017.31 21.6101
1017.58 17.2532
1017.85 17.8831
1018.12 22.9893
1018.39 20.2083
1018.66 18.4825
1018.75 18.1265
1019.05 21.1241
1019.35 18.3716
1019.64 15.8692
1019.94 22.8668
1020.24 16.6143
1020.53 20.1119
1020.83 9.85944
1021.13 20.357
1021.42 28.3546
1021.72 16.3521
1022.02 17.5997
1022.31 21.3472
1022.61 22.0948
1022.91 21.5924
1023.2 16.8399
1023.5 11.0875
1023.8 11.085
1024.09 13.8326
1024.39 23.3302
1024.68 20.8277
1024.98 13.5753
1025.28 14.3228
1025.57 21.5704
1025.87 16.318
1026.16 19.8155
1026.46 21.8131
1026.75 10.5606
1027.05 23.0582
1027.34 26.5557
1027.64 16.3033
1027.94 17.8009
1028.23 17.5484
1028.53 18.046
1028.82 14.2935
1029.12 19.0411
1029.41 14.2887
1029.71 15.7862
1030 12.0338
1030.3 27.0313
1030.59 24.5289
1030.89 18.0265
1031.18 11.274
1031.47 14.7716
1031.77 19.7691
1032.06 12.2667
1032.36 14.5143
1032.65 15.7618
1032.95 9.00938
1033.24 13.5069
1033.53 23.0045
1033.83 13.5021
1034.12 24.9996
1034.42 16.9972
1034.71 23.9947
1035 13.2423
1035.3 18.4899
1035.59 16.9874
1035.89 20.485
1036.18 20.4825
1036.47 21.4801
1036.77 16.2277
1037.06 18.4752
1037.35 10.4728
1037.65 16.9703
1037.94 13.4679
1038.23 24.4655
1038.53 14.213
1038.82 14.4606
1039.11 15.9581
1039.41 10.7057
1039.7 22.7033
1039.99 21.9508
1040.28 19.4484
1040.58 20.6959
1040.87 15.1935
1041.16 23.4411
1041.45 16.4386
1041.75 16.4362
1042.04 14.1837
1042.33 12.6813
1042.62 13.9288
1042.92 17.9264
1043.21 22.674
1043.5 18.4215
1043.79 11.6691
1044.08 11.4166
1044.38 20.6642
1044.67 11.4118
1044.96 19.4093
1045.25 15.4069
1045.54 14.9044
1045.84 22.402
1046.13 12.8996
1046.42 14.8971
1046.71 12.3947
1047 12.1422
1047.29 26.1398
1047.58 22.1374
1047.88 5.63492
1048.17 21.1325
1048.46 15.38
1048.75 16.1276
1049.04 23.8752
1049.33 22.6227
1049.62 12.3703
1049.91 12.1178
1050.2 12.8654
1050.49 18.613
1050.79 18.1105
1051.08 7.85807
1051.37 10.6056
1051.66 14.3532
1051.95 20.8508
1052.24 15.5983
1052.53 14.0959
1052.82 25.5934
1053.11 16.591
1053.4 11.8386
1053.69 11.8361
1053.98 17.5837
1054.27 17.5812
1054.56 8.32879
1054.85 19.8263
1055.14 12.5739
1055.43 17.0715
1055.72 21.819
1056.01 18.8166
1056.3 22.5641
1056.59 10.8117
1056.88 20.3093
1057.17 15.8068
1057.45 16.8044
1057.74 11.8019
1058.03 22.0495
1058.32 12.7971
1058.61 17.7946
1058.9 15.5422
1059.19 19.5397
1059.48 14.2873
1059.77 15.0349
1060.05 16.7824
1060.34 19.53
1060.63 19.2775
1060.92 11.0251
1061.21 17.0227
1061.5 20.2702
1061.79 19.2678
1062.07 14.5153
1062.36 21.0129
1062.65 16.2605
1062.94 18.008
1063.23 20.7556
1063.52 19.7531
1063.8 9.2507
1064.09 15.4983
1064.38 11.4958
1064.67 18.7434
1064.95 8.99093
1065.24 17.9885
1065.53 18.4861
1065.82 16.2336
1066.1 14.7312
1066.39 13.7287
1066.68 20.7263
1066.97 23.9739
1067.25 18.4714
1067.54 16.969
1067.83 7.96653
1068.12 21.7141
1068.4 20.2116
1068.69 13.9592
1068.98 8.45677
1069.26 15.4543
1069.55 15.9519
1069.84 20.6994
1070.12 18.697
1070.41 7.94457
1070.7 20.9421
1070.98 9.43968
1071.27 11.6872
1071.56 14.4348
1071.84 14.6824
1072.13 20.9299
1072.41 14.1775
1072.7 11.425
1072.99 8.6726
1073.27 12.6702
1073.56 16.1677
1073.84 16.9153
1074.13 12.1628
1074.42 12.1604
1074.7 19.658
1074.99 21.1555
1075.27 16.1531
1075.56 14.4006
1075.84 13.6482
1076.13 28.6458
1076.42 14.3933
1076.7 14.8909
1076.99 17.6384
1077.27 17.886
1077.56 12.8836
1077.84 15.6311
1078.13 7.62867
1078.41 16.3762
1078.7 18.1238
1078.98 12.1214
1079.27 10.6189
1079.55 21.6165
1079.83 12.864
1080.12 16.3616
1080.4 24.1091
1080.69 14.6067
1080.97 11.6043
1081.26 15.8518
1081.54 16.3494
1081.83 13.0969
1082.11 16.5945
1082.39 15.0921
1082.68 11.3396
1082.96 18.3372
1083.24 15.8347
1083.53 15.3323
1083.81 14.5799
1084.1 13.0774
1084.38 13.575
1084.66 16.8225
1084.95 19.8201
1085.23 11.0677
1085.51 14.3152
1085.8 17.3128
1086.08 14.5603
1086.36 17.5579
1086.65 12.8055
1086.93 16.553
1087.21 15.8006
1087.5 16.2981
1087.78 9.7957
1088.06 16.0433
1088.35 17.0408
1088.63 13.5384
1088.91 20.2859
1089.19 15.7835
1089.48 6.53106
1089.76 13.2786
1090.04 15.7762
1090.32 17.7737
1090.61 18.2713
1090.89 12.0189
1091.17 3.01641
1091.45 15.264
1091.74 8.51153
1092.02 15.2591
1092.3 16.7567
1092.58 17.5042
1092.86 6.50177
1093.14 13.9993
1093.43 14.4969
1093.71 18.9944
1093.99 15.492
1094.27 16.4896
1094.55 11.2371
1094.83 9.73469
1095.12 6.73225
1095.4 21.2298
1095.68 17.2274
1095.96 9.72493
1096.24 19.2225
1096.52 15.47
1096.8 5.4676
1097.08 20.2152
1097.37 14.9627
1097.65 12.7103
1097.93 12.4578
1098.21 12.9554
1098.49 10.453
1098.77 14.7005
1099.05 5.94808
1099.33 8.69564
1099.61 14.1932
1099.89 6.94076
1100.17 16.1883
1100.45 16.4359
1100.73 16.4334
1101.01 9.931
1101.29 16.6786
1101.57 13.4261
1101.85 19.6737
1102.13 11.6712
1102.41 9.6688
1102.69 22.6664
1102.97 15.9139
1103.25 14.9115
1103.53 13.159
1103.81 16.1566
1104.09 18.9042
1104.37 17.1517
1104.65 13.3993
1104.93 19.6468
1105.21 16.6444
1105.49 15.142
1105.77 13.3895
1106.04 11.8871
1106.32 16.1346
1106.6 12.6322
1106.88 13.8797
1107.16 13.3773
1107.44 13.1249
1107.72 16.8724
1108 12.62
1108.28 10.8675
1108.55 14.6151
1108.83 12.1127
1109.11 18.3602
1109.39 17.3578
1109.67 23.3553
1109.95 8.1029
1110.22 17.3505
1110.5 17.098
1110.78 10.3456
1111.06 18.3431
1111.34 12.8407
1111.61 15.3383
1111.89 13.5858
1112.17 12.3334
1112.45 24.3309
1112.72 11.0785
1113 12.5761
1113.28 23.3236
1113.56 9.82118
1113.83 15.5687
1114.11 12.8163
1114.39 12.3139
1114.67 10.8114
1114.94 10.809
1115.22 9.80654
1115.5 16.5541
1115.78 17.3017
1116.05 15.0492
1116.33 14.2968
1116.61 23.7943
1116.88 17.2919
1117.16 8.78945
1117.44 9.28701
1117.71 21.5346
1117.99 19.0321
1118.27 7.02969
1118.54 15.0273
1118.82 18.0248
1119.1 20.5224
1119.37 13.5199
1119.65 15.2675
1119.92 16.015
1120.2 15.7626
1120.48 14.7602
1120.75 19.2577
1121.03 7.25529
1121.3 18.2528
1121.58 15.2504
1121.85 6.24797
1122.13 25.4955
1122.41 11.2431
1122.68 14.7406
1122.96 14.2382
1123.23 18.2358
1123.51 14.4833
1123.78 18.9809
1124.06 11.4784
1124.33 17.226
1124.61 21.7236
1124.88 20.9711
1125.16 7.96868
1125.43 13.2162
1125.71 19.9638
1125.98 15.4614
1126.26 8.70892
1126.53 13.2065
1126.81 16.704
1127.08 14.7016
1127.36 12.1992
1127.63 9.44672
1127.91 13.9443
1128.18 14.6918
1128.45 7.9394
1128.73 10.937
1129 14.1845
1129.28 17.1821
1129.55 9.42964
1129.82 17.1772
1130.1 12.6748
1130.37 20.6723
1130.65 16.4199
1130.92 7.41743
1131.19 19.415
1131.47 15.6626
1131.74 12.6601
1132.01 11.6577
1132.29 20.1552
1132.56 14.4028
1132.83 17.6503
1133.11 19.1479
1133.38 19.3955
1133.65 9.39303
1133.93 16.6406
1134.2 13.1381
1134.47 11.1357
1134.75 18.3833
1135.02 15.3808
1135.29 14.3784
1135.56 22.1259
1135.84 19.1235
1136.11 18.3711
1136.38 15.3686
1136.65 14.6162
1136.93 15.1137
1137.2 16.3613
1137.47 13.3589
1137.74 21.6064
1138.02 16.354
1138.29 14.1015
1138.56 14.5991
1138.83 2.59666
1139.1 9.59422
1139.38 14.8418
1139.65 16.0893
1139.92 17.8369
1140.19 12.8345
1140.46 10.332
1140.73 12.0796
1141.01 17.5771
1141.28 19.5747
1141.55 15.5723
1141.82 12.8198
1142.09 19.0674
1142.36 17.0649
1142.63 10.0625
1142.91 21.8101
1143.18 18.3076
1143.45 12.3052
1143.72 17.8027
1143.99 17.3003
1144.26 4.29785
1144.53 12.5454
1144.8 19.793
1145.07 11.5405
1145.34 7.03809
1145.61 14.5356
1145.88 16.7832
1146.15 17.7808
1146.43 12.2783
1146.7 11.0259
1146.97 23.0234
1147.24 16.021
1147.51 17.2686
1147.78 5.01612
1148.05 14.0137
1148.32 15.0112
1148.59 20.0088
1148.86 20.5064
1149.13 14.2539
1149.4 15.2515
1149.66 13.249
1149.93 10.9966
1150.2 18.4942
1150.47 18.9917
1150.74 19.4893
1151.01 14.7368
1151.28 12.9844
1151.55 15.232
1151.82 6.22952
1152.09 20.4771
1152.36 19.4746
1152.63 19.2222
1152.9 16.4698
1153.16 15.7173
1153.43 14.9649
1153.7 13.9624
1153.97 13.21
1154.24 14.2076
1154.51 18.9551
1154.78 6.95267
1155.05 16.9502
1155.31 18.1978
1155.58 7.94535
1155.85 15.4429
1156.12 15.9405
1156.39 19.938
1156.66 17.4356
1156.92 15.6831
1157.19 24.9307
1157.46 16.1783
1157.73 16.6758
1157.99 22.9234
1158.26 15.6709
1158.53 21.4185
1158.8 13.9161
1159.07 15.6636
1159.33 12.6612
1159.6 8.40875
1159.87 14.9063
1160.14 18.1539
1160.4 15.6514
1160.67 16.149
1160.94 15.6465
1161.2 12.8941
1161.47 9.89166
1161.74 13.1392
1162.01 12.3868
1162.27 16.3843
1162.54 9.1319
1162.81 17.8795
1163.07 16.127
1163.34 17.6246
1163.61 15.8721
1163.87 3.1197
1164.14 10.3673
1164.4 24.8648
1164.67 17.8624
1164.94 20.1099
1165.2 21.8575
1165.47 17.1051
1165.74 17.3526
1166 18.1002
1166.27 9.34773
1166.53 20.0953
1166.8 12.5929
1167.07 12.5904
1167.33 17.338
1167.6 15.3355
1167.86 9.58309
1168.13 15.3307
1168.39 17.5782
1168.66 16.3258
1168.92 16.5733
1169.19 12.5709
1169.46 18.5684
1169.72 6.81601
1169.99 9.56357
1170.25 23.3111
1170.52 15.0587
1170.78 10.3062
1171.05 21.3038
1171.31 14.0514
1171.58 14.0489
1171.84 17.5465
1172.1 11.294
1172.37 13.2916
1172.63 12.5392
1172.9 19.7867
1173.16 8.78428
1173.43 16.2818
1173.69 11.5294
1173.96 16.277
1174.22 19.0245
1174.48 18.5221
1174.75 19.0196
1175.01 13.2672
1175.28 13.2648
1175.54 19.0123
1175.8 14.5099
1176.07 14.7574
1176.33 17.505
1176.6 17.7526
1176.86 16.7501
1177.12 16.2477
1177.39 14.2452
1177.65 20.2428
1177.91 18.4904
1178.18 8.73792
1178.44 22.4855
1178.7 15.233
1178.97 10.7306
1179.23 15.4782
1179.49 13.9757
1179.76 14.7233
1180.02 15.2208
1180.28 18.4684
1180.54 10.466
1180.81 14.2135
1181.07 15.4611
1181.33 20.4586
1181.59 17.7062
1181.86 10.7037
1182.12 9.70131
1182.38 19.9489
1182.64 25.9464
1182.91 16.944
1183.17 20.4415
1183.43 13.6891
1183.69 27.9367
1183.96 13.9342
1184.22 19.1818
1184.48 11.6793
1184.74 19.4269
1185 13.1745
1185.26 9.67202
1185.53 16.1696
1185.79 11.4171
1186.05 11.9147
1186.31 15.6623
1186.57 10.4098
1186.83 22.4074
1187.09 10.4049
1187.36 18.4025
1187.62 18.6501
1187.88 14.8976
1188.14 19.1452
1188.4 12.1427
1188.66 17.6403
1188.92 12.1379
1189.18 17.3854
1189.44 14.633
1189.71 13.8805
1189.97 13.8781
1190.23 12.1257
1190.49 11.8732
1190.75 18.6208
1191.01 15.3683
1191.27 15.6159
1191.53 15.3635
1191.79 16.611
1192.05 20.1086
1192.31 11.3561
1192.57 9.35369
1192.83 14.6013
1193.09 21.3488
1193.35 10.8464
1193.61 7.84393
1193.87 20.5915
1194.13 13.839
1194.39 20.8366
1194.65 9.33417
1194.91 19.0817
1195.17 21.3293
1195.43 8.32685
1195.69 15.8244
1195.95 19.072
1196.21 11.3195
1196.46 15.4171
1196.72 10.2146
1196.98 16.5622
1197.24 11.3598
1197.5 16.5573
1197.76 13.7549
1198.02 18.7524
1198.28 16.35
1198.54 19.1976
1198.79 19.7951
1199.05 4.54268
1199.31 18.7902
1199.57 19.7878
1199.83 8.03536
1200.09 6.03292
1200.35 11.5305
1200.6 21.278
1200.86 14.2756
1201.12 21.2732
1201.38 19.0207
1201.64 12.0183
1201.89 19.0158
1202.15 10.7634
1202.41 13.261
1202.67 18.7585
1202.93 10.2561
1203.18 22.7536
1203.44 18.0012
1203.7 16.7488
1203.96 3.24631
1204.21 18.4939
1204.47 12.9914
1204.73 15.239
1204.98 16.4866
1205.24 13.7341
1205.5 9.48167
1205.76 13.7292
1206.01 14.9768
1206.27 12.4743
1206.53 13.4719
1206.78 11.4695
1207.04 16.967
1207.3 10.9646
1207.55 12.2121
1207.81 19.2097
1208.07 11.9573
1208.32 12.4548
1208.58 6.95238
1208.84 14.4499
1209.09 11.1975
1209.35 20.4451
1209.61 20.9426
1209.86 15.1902
1210.12 14.6877
1210.37 15.4353
1210.63 19.9329
1210.89 16.6804
1211.14 12.178
1211.4 5.92554
1211.65 17.9231
1211.91 11.9207
1212.16 11.1682
1212.42 13.9158
1212.68 13.4133
1212.93 15.6609
1213.19 12.6585
1213.44 16.906
1213.7 13.6536
1213.95 20.9011
1214.21 10.3987
1214.46 15.3963
1214.72 19.3938
1214.97 9.89137
1215.23 13.8889
1215.48 12.3865
1215.74 10.8841
1215.99 15.6316
1216.25 11.3792
1216.5 11.8767
1216.76 11.6243
1217.01 11.3718
1217.26 7.86941
1217.52 14.367
1217.77 14.6145
1218.03 25.6121
1218.28 3.35965
1218.54 10.8572
1218.79 17.3548
1219.04 15.1023
1219.3 8.59988
1219.55 8.84745
1219.81 11.095
1220.06 19.5926
1220.31 20.3401
1220.57 16.8377
1220.82 9.08524
1221.07 21.3328
1221.33 11.3304
1221.58 9.57792
1221.83 16.3255
1222.09 12.323
1222.34 10.8206
1222.6 10.5682
1222.85 15.8157
1223.1 17.3133
1223.35 10.5608
1223.61 8.3084
1223.86 6.55596
1224.11 17.3035
1224.37 6.80108
1224.62 10.2986
1224.87 19.0462
1225.12 10.0438
1225.38 11.5413
1225.63 8.28887
1225.88 15.2864
1226.13 16.534
1226.39 19.5316
1226.64 11.7791
1226.89 15.2767
1227.14 13.2742
1227.39 16.0218
1227.65 15.2694
1227.9 16.2669
1228.15 17.2645
1228.4 11.512
1228.65 15.5096
1228.91 6.25715
1229.16 18.7547
1229.41 11.5023
1229.66 20.2498
1229.91 16.9974
1230.16 13.9949
1230.42 8.24251
1230.67 12.4901
1230.92 10.9876
1231.17 6.73519
1231.42 14.4827
1231.67 18.2303
1231.92 8.22786
1232.17 14.9754
1232.43 17.973
1232.68 17.2205
1232.93 12.2181
1233.18 19.2157
1233.43 5.21322
1233.68 12.2108
1233.93 13.4583
1234.18 19.7059
1234.43 18.9535
1234.68 21.701
1234.93 12.6986
1235.18 2.94614
1235.43 9.9437
1235.68 13.4413
1235.93 17.1888
1236.18 16.1864
1236.43 15.9339
1236.68 12.4315
1236.93 9.92906
1237.18 17.4266
1237.43 18.6742
1237.68 10.9217
1237.93 22.1693
1238.18 16.6669
1238.43 11.6644
1238.68 14.912
1238.93 9.15953
1239.18 10.9071
1239.43 17.1547
1239.68 12.4022
1239.93 17.1498
1240.18 16.6473
1240.42 17.8949
1240.67 10.1424
1240.92 14.14
1241.17 11.6334
1241.42 10.875
1241.67 6.97209
1241.92 9.31966
1242.17 9.80277
1242.41 10.8028
1242.66 10.9513
1242.91 16.6893
1243.16 14.9156
1243.41 11.1651
1243.66 16.9606
1243.91 12.29
1244.15 16.3612
1244.4 14.0164
1244.65 13.8994
1244.9 14.3956
1245.15 12.4059
1245.39 17.6017
1245.64 16.3389
1245.89 15.7139
1246.14 12.8939
1246.38 8.76728
1246.63 12.2722
1246.88 7.91748
1247.13 17.1395
1247.37 15.3238
1247.62 17.0445
1247.87 21.0446
1248.12 11.1682
1248.36 14.0733
1248.61 14.7981
1248.86 14.9058
1249.1 11.7552
1249.35 11.2321
1249.6 12.3052
1249.85 12.944
1250.09 11.3329
1250.34 10.3959
1250.59 15.7849
1250.83 8.55686
1251.08 12.7506
1251.33 9.07868
1251.57 15.8838
1251.82 13.4084
1252.07 13.9921
1252.31 9.30246
1252.56 11.648
1252.8 14.1404
1253.05 16.6541
1253.3 10.2929
1253.54 16.1699
1253.79 13.8261
1254.03 7.10913
1254.28 11.9438
1254.53 7.60532
1254.77 10.4868
1255.02 15.229
1255.26 14.11
1255.51 13.3836
1255.75 13.1868
1256 13.4373
1256.24 11.5503
1256.49 12.1945
1256.73 10.735
1256.98 16.6643
1257.22 14.4559
1257.47 14.97
1257.71 13.7886
1257.96 9.0432
1258.2 12.705
1258.45 13.611
1258.69 12.1461
1258.94 13.5387
1259.18 10.6542
1259.43 9.34849
1259.67 10.9839
1259.92 12.9164
1260.16 12.1025
1260.41 13.4688
1260.65 14.3664
1260.89 11.5491
1261.14 12.9995
1261.38 10.7231
1261.63 11.3353
1261.87 10.6794
1262.11 10.8761
1262.36 14.5183
1262.6 15.7038
1262.85 14.2117
1263.09 13.6745
1263.33 13.0266
1263.58 9.84353
1263.82 14.9842
1264.06 17.7016
1264.31 9.84741
1264.55 9.94669
1264.79 13.7459
1265.04 10.9151
1265.28 6.42896
1265.52 9.60581
1265.77 14.2351
1266.01 15.0218
1266.25 12.3147
1266.5 10.1773
1266.74 13.5315
1266.98 11.2204
1267.22 9.49571
1267.47 10.5079
1267.71 11.5787
1267.95 11.0031
1268.15 12.2939
1268.42 18.2922
1268.69 12.0406
1268.96 13.0389
1269.23 11.0373
1269.5 12.7856
1269.77 12.784
1270.04 9.03235
1270.31 10.5307
1270.58 13.0291
1270.85 12.0274
1271.12 10.0258
1271.39 8.52411
1271.66 13.2725
1271.92 7.02082
1272.19 10.0192
1272.46 12.2675
1272.73 10.7659
1273 15.2642
1273.27 11.2626
1273.54 10.0109
1273.81 6.50928
1274.07 13.5076
1274.34 11.256
1274.61 9.25434
1274.88 18.5027
1275.15 2.00104
1275.42 14.9994
1275.68 14.9977
1275.95 5.4961
1276.22 18.7445
1276.49 11.9928
1276.76 9.99116
1277.02 16.9895
1277.29 11.7379
1277.56 11.9862
1277.83 11.4846
1278.09 14.7329
1278.36 13.9813
1278.63 9.97962
1278.9 14.978
1279.16 15.2263
1279.43 11.9747
1279.7 6.47303
1279.97 14.2214
1280.23 4.71974
1280.5 15.4681
1280.77 12.4664
1281.03 11.9648
1281.3 2.96315
1281.57 12.9615
1281.83 0.959852
1282.1 9.2082
1282.37 18.4566
1282.63 14.4549
1282.9 8.95326
1283.17 14.4516
1283.43 12.7
1283.7 12.6983
1283.97 11.9467
1284.23 15.445
1284.5 16.1934
1284.77 15.4417
1285.03 15.4401
1285.3 8.18843
1285.56 7.93678
1285.83 12.4351
1286.1 13.6835
1286.36 11.1818
1286.63 12.1802
1286.89 11.4285
1287.16 12.1769
1287.42 11.9252
1287.69 14.4236
1287.96 10.922
1288.22 13.6703
1288.49 10.1687
1288.75 10.417
1289.02 14.9154
1289.28 13.1637
1289.55 13.4121
1289.81 9.91042
1290.08 3.40877
1290.34 16.6571
1290.61 14.1555
1290.87 13.9038
1291.14 11.1522
1291.4 1.65053
1291.67 21.8989
1291.93 10.8972
1292.2 15.6456
1292.46 8.39394
1292.73 15.8923
1292.99 8.89065
1293.26 13.389
1293.52 13.3874
1293.78 13.1357
1294.05 17.6341
1294.31 17.3824
1294.58 3.13076
1294.84 8.37911
1295.1 10.3775
1295.37 10.8758
1295.63 10.3742
1295.9 18.1225
1296.16 15.6209
1296.42 14.3692
1296.69 15.1176
1296.95 6.86593
1297.21 10.1143
1297.48 6.36263
1297.74 20.861
1298 14.1093
1298.27 11.8577
1298.53 13.856
1298.79 16.3544
1299.06 14.1027
1299.32 16.3511
1299.58 13.5995
1299.85 14.8478
1300.11 14.3462
1300.37 9.09451
1300.64 16.0929
1300.9 15.5912
1301.16 14.8396
1301.42 12.0879
1301.69 15.0863
1301.95 12.3346
1302.21 14.583
1302.47 14.8313
1302.74 18.5797
1303 11.828
1303.26 8.57639
1303.52 13.5747
1303.79 21.0731
1304.05 12.3214
1304.31 10.3198
1304.57 9.56815
1304.83 5.8165
1305.09 4.31485
1305.36 14.0632
1305.62 4.31156
1305.88 19.5599
1306.14 13.0583
1306.4 16.3066
1306.66 8.30496
1306.93 16.8033
1307.19 10.0517
1307.45 13.55
1307.71 11.0484
1307.97 12.0467
1308.23 11.0451
1308.49 7.29343
1308.76 9.54178
1309.02 13.5401
1309.28 15.7885
1309.54 13.0368
1309.8 14.7852
1310.06 5.03354
1310.32 14.5319
1310.58 13.2802
1310.84 10.7786
1311.1 14.527
1311.36 17.2753
1311.62 11.2737
1311.88 10.772
1312.14 7.52036
1312.4 6.76871
1312.67 19.0171
1312.92 9.76542
1313.19 16.5138
1313.45 13.5121
1313.71 8.26048
1313.97 16.5088
1314.23 13.5072
1314.48 6.50553
1314.75 15.2539
1315.01 13.0022
1315.26 3.75059
1315.52 16.2489
1315.78 6.49729
1316.04 13.4956
1316.3 15.744
1316.56 16.7424
1316.82 7.2407
1317.08 12.2391
1317.34 6.73741
1317.6 15.7358
1317.86 16.4841
1318.12 12.2325
1318.38 10.7308
1318.64 13.9792
1318.89 14.9775
1319.15 21.2259
1319.41 11.2242
1319.67 11.4726
1319.93 10.9709
1320.19 12.2193
1320.45 9.96764
1320.7 15.466
1320.96 11.4643
1321.22 11.2127
1321.48 12.211
1321.74 14.2094
1322 13.4577
1322.25 13.2061
1322.51 8.45445
1322.77 8.7028
1323.03 9.95116
1323.29 15.4495
1323.54 14.9479
1323.8 17.1962
1324.06 9.94457
1324.32 13.1929
1324.58 19.1913
1324.83 18.9396
1325.09 18.688
1325.35 12.1863
1325.61 10.9347
1325.86 10.433
1326.12 12.1814
1326.38 15.1797
1326.64 8.17809
1326.89 11.9264
1327.15 11.6748
1327.41 10.4231
1327.66 9.6715
1327.92 13.1699
1328.18 18.1682
1328.43 11.4166
1328.69 17.6649
1328.95 6.91326
1329.2 13.4116
1329.46 8.15996
1329.72 13.6583
1329.97 7.65667
1330.23 16.405
1330.49 5.15337
1330.74 14.6517
1331 7.65008
1331.26 14.8984
1331.51 15.1468
1331.77 15.3951
1332.02 10.3935
1332.28 10.6418
1332.54 6.64019
1332.79 7.38854
1333.05 10.8869
1333.3 13.6352
1333.56 17.1336
1333.81 12.382
1334.07 16.8803
1334.33 21.1287
1334.58 9.12701
1334.84 11.8754
1335.09 11.8737
1335.35 8.62207
1335.6 7.12042
1335.86 13.8688
1336.11 13.3671
1336.37 14.3655
1336.62 3.11383
1336.88 11.1122
1337.13 16.6105
1337.39 3.60888
1337.64 15.6072
1337.9 6.10559
1338.15 22.8539
1338.41 10.3523
1338.66 6.60065
1338.92 8.599
1339.17 13.8474
1339.42 6.5957
1339.68 14.3441
1339.93 8.34241
1340.19 10.3408
1340.44 13.0891
1340.7 10.0875
1340.95 13.3358
1341.2 10.0842
1341.46 12.3325
1341.71 5.58087
1341.97 13.5792
1342.22 4.82758
1342.47 18.3259
1342.73 14.8243
1342.98 19.5726
1343.23 19.321
1343.49 13.8193
1343.74 7.56769
1343.99 17.566
1344.25 14.3144
1344.5 6.06275
1344.75 8.8111
1345.01 15.3095
1345.26 12.5578
1345.51 15.8062
1345.77 10.5545
1346.02 11.5529
1346.27 9.30121
1346.53 1.79957
1346.78 11.5479
1347.03 14.7963
1347.28 16.2946
1347.54 9.04297
1347.79 5.79133
1348.04 12.5397
1348.29 12.538
1348.55 18.0364
1348.8 4.78474
1349.05 11.5331
1349.3 15.7814
1349.56 14.7798
1349.81 13.7781
1350.06 11.5265
1350.31 8.77485
1350.56 13.5232
1350.82 12.0216
1351.07 12.0199
1351.32 14.5183
1351.57 20.0166
1351.82 6.26496
1352.07 14.7633
1352.33 14.2617
1352.58 15.01
1352.83 10.5084
1353.08 20.2567
1353.33 6.50508
1353.58 13.7534
1353.83 17.5018
1354.08 13.5001
1354.34 17.4985
1354.59 12.9968
1354.84 5.74519
1355.09 11.9935
1355.34 6.9919
1355.59 5.99025
1355.84 21.4886
1356.09 17.987
1356.34 7.9853
1356.59 15.2337
1356.84 9.98201
1357.09 4.48036
1357.34 8.72871
1357.59 3.97707
1357.85 1.47542
1358.1 11.9738
1358.35 7.22212
1358.6 5.72047
1358.85 8.71883
1359.1 13.4672
1359.35 8.46553
1359.6 5.96388
1359.85 17.9622
1360.1 2.71059
1360.35 6.95894
1360.6 10.7073
1360.84 10.9556
1361.09 9.954
1361.34 4.95235
1361.59 9.7007
1361.84 5.69905
1362.09 2.45062
1362.34 10.9522
1362.59 10.4537
1362.84 9.70531
1363.09 12.7069
1363.34 12.7084
1363.59 2.21
1363.84 4.71156
1364.09 10.7131
1364.33 7.96469
1364.58 15.4663
1364.83 12.4678
1365.08 9.71938
1365.33 13.2209
1365.58 8.4725
1365.83 6.47407
1366.07 7.72563
1366.32 9.97719
1366.57 11.9788
1366.82 7.48032
1367.07 8.48188
1367.32 14.2334
1367.56 6.73501
1367.81 9.98657
1368.06 9.48814
1368.31 16.2397
1368.56 11.2413
1368.8 15.9928
1369.05 12.2444
1369.3 17.996
1369.55 8.24751
1369.8 7.99908
1370.04 7.25064
1370.29 10.5022
1370.54 9.00377
1370.79 16.5053
1371.03 15.7569
1371.28 5.00846
1371.53 11.76
1371.77 9.26158
1372.02 11.5131
1372.27 8.51471
1372.52 10.2663
1372.76 7.76784
1373.01 18.0194
1373.26 7.77096
1373.5 11.0225
1373.75 10.0241
1374 16.0257
1374.24 11.7772
1374.49 17.7788
1374.74 5.53034
1374.98 6.28191
1375.23 10.7835
1375.48 8.78503
1375.72 13.0366
1375.97 9.28816
1376.21 7.03972
1376.46 8.54129
1376.71 15.5428
1376.95 0.0444133
1377.2 15.796
1377.44 8.54754
1377.69 10.2991
1377.94 11.0507
1378.18 6.80223
1378.43 8.30379
1378.67 10.0554
1378.92 14.0569
1379.16 6.80848
1379.41 10.31
1379.66 14.0616
1379.9 10.5632
1380.15 13.5647
1380.39 6.0663
1380.64 7.56786
1380.88 7.56943
1381.13 3.82099
1381.37 19.5726
1381.62 19.8241
1381.86 13.8257
1382.11 8.07724
1382.35 6.0788
1382.6 4.58037
1382.84 14.8319
1383.08 14.5835
1383.33 7.58506
1383.57 9.33662
1383.82 10.3382
1384.06 0.589748
1384.31 13.8413
1384.55 13.0929
1384.8 8.34444
1385.04 16.846
1385.28 17.0976
1385.53 16.8491
1385.77 14.3507
1386.02 2.35225
1386.26 13.8538
1386.5 11.1054
1386.75 7.60694
1386.99 12.8585
1387.23 15.8601
1387.48 11.6116
1387.72 12.3632
1387.97 11.1148
1388.21 10.8663
1388.45 11.8679
1388.7 14.8695
1388.94 11.621
1389.18 8.62258
1389.43 12.1241
1389.67 14.1257
1389.91 18.1273
1390.15 8.62883
1390.4 9.38039
1390.64 10.882
1390.88 1.88352
1391.13 12.6351
1391.37 10.8866
1391.61 4.13821
1391.85 13.3898
1392.1 10.1413
1392.34 14.1429
1392.58 10.8945
1392.82 7.64603
1393.07 14.3976
1393.31 5.64915
1393.55 13.6507
1393.79 6.90228
1394.03 5.65384
1394.28 14.4054
1394.52 13.157
1394.76 6.15853
1395 16.1601
1395.25 11.9117
1395.49 12.9132
1395.73 11.4148
1395.97 12.6663
1396.21 11.1679
1396.45 8.16947
1396.69 9.92104
1396.94 11.4226
1397.18 7.67416
1397.42 10.6757
1397.66 12.4273
1397.9 11.1789
1398.14 10.9304
1398.38 5.93198
1398.62 5.18354
1398.87 6.18511
1399.11 14.4367
1399.35 17.1882
1399.59 12.1898
1399.83 7.19136
1400.07 9.19292
1400.31 9.94449
1400.55 13.196
1400.79 5.69761
1401.03 6.94918
1401.27 15.7007
1401.51 13.7023
1401.75 13.2039
1401.99 8.20543
1402.23 5.95699
1402.47 5.45856
1402.71 7.96012
1402.95 15.9617
1403.19 4.21325
1403.43 6.21481
1403.67 12.2164
1403.91 5.71794
1404.15 11.7195
1404.39 8.72106
1404.63 7.47263
1404.87 7.97419
1405.11 14.4758
1405.35 11.2273
1405.59 5.47888
1405.83 10.2304
1406.07 13.232
1406.31 13.2336
1406.55 6.73513
1406.79 9.48669
1407.03 13.7383
1407.27 10.9898
1407.5 9.24139
1407.74 17.9929
1407.98 11.4945
1408.22 11.7461
1408.46 10.7476
1408.7 5.7492
1408.94 14.7508
1409.18 14.2523
1409.41 15.0039
1409.65 12.0055
1409.89 16.007
1410.13 15.5086
1410.37 13.2601
1410.61 15.2617
1410.84 9.76327
1411.08 12.7648
1411.32 8.0164
1411.56 7.26796
1411.8 15.2695
1412.03 9.77109
1412.27 7.27265
1412.51 10.7742
1412.75 16.2758
1412.99 3.52734
1413.22 17.7789
1413.46 21.2805
1413.7 10.782
1413.94 3.78359
1414.17 12.0352
1414.41 12.7867
1414.65 8.28828
1414.89 11.2898
1415.12 14.7914
1415.36 9.54297
1415.6 9.79454
1415.83 12.7961
1416.07 12.2977
1416.31 6.29923
1416.55 9.80079
1416.78 8.55235
1417.02 15.8039
1417.26 2.30548
1417.49 9.55704
1417.73 1.55861
1417.97 10.0602
1418.2 10.8117
1418.44 15.3133
1418.68 7.56486
1418.91 7.31642
1419.15 7.31799
1419.38 11.3195
1419.62 6.32111
1419.86 8.57268
1420.09 11.0742
1420.33 6.8258
1420.56 12.3274
1420.8 15.5789
1421.04 8.33049
1421.27 9.83205
1421.51 11.3336
1421.74 14.3352
1421.98 11.5867
1422.21 12.5883
1422.45 12.8399
1422.68 6.34143
1422.92 9.593
1423.16 9.34456
1423.39 14.0961
1423.63 12.3477
1423.86 13.3493
1424.1 14.1008
1424.33 15.3524
1424.57 10.8539
1424.8 11.1055
1425.04 11.3571
1425.27 8.85863
1425.51 4.86019
1425.74 17.8618
1425.97 16.6133
1426.21 13.8649
1426.44 9.61645
1426.68 16.868
1426.91 9.36957
1427.15 10.6211
1427.38 2.6227
1427.62 5.62426
1427.85 10.8758
1428.08 10.8774
1428.32 22.879
1428.55 11.3805
1428.79 9.38208
1429.02 8.88364
1429.25 13.3852
1429.49 13.6368
1429.72 10.6383
1429.96 14.1399
1430.19 4.89146
1430.42 9.64302
1430.66 9.14459
1430.89 10.1461
1431.12 11.1477
1431.36 19.3993
1431.59 12.6508
1431.82 15.1524
1432.06 15.154
1432.29 3.40553
1432.52 14.4071
1432.76 11.4087
1432.99 17.4102
1433.22 8.66178
1433.45 12.4133
1433.69 6.66491
1433.92 10.4165
1434.15 5.66804
1434.39 5.9196
1434.62 10.9212
1434.85 7.92272
1435.08 11.1743
1435.32 21.4259
1435.55 5.92741
1435.78 17.929
1436.01 9.93054
1436.25 16.9321
1436.48 5.43367
1436.71 15.1852
1436.94 12.6868
1437.17 4.68836
1437.41 11.9399
1437.64 4.69148
1437.87 8.19305
1438.1 11.6946
1438.33 7.44617
1438.56 6.44774
1438.8 5.9493
1439.03 8.95086
1439.26 8.45243
1439.49 14.704
1439.72 12.9556
1439.95 8.45712
1440.18 7.95868
1440.42 13.4602
1440.65 -2.53819
1440.88 11.7134
1441.11 9.96493
1441.34 9.7165
1441.57 17.4681
1441.8 7.21962
1442.03 6.22119
1442.26 12.2227
1442.49 8.72431
1442.72 5.97588
1442.96 2.47744
1443.19 8.479
1443.42 8.73057
1443.65 9.73213
1443.88 10.7337
1444.11 8.48526
1444.34 15.2368
1444.57 9.48838
1444.8 13.7399
1445.03 13.7415
1445.26 5.99307
1445.49 9.49463
1445.72 11.9962
1445.95 9.49776
1446.18 5.74932
1446.41 6.00089
1446.64 11.0025
1446.87 11.004
1447.1 15.5056
1447.33 11.2571
1447.56 8.7587
1447.79 13.7603
1448.01 3.51183
1448.24 12.2634
1448.47 16.515
1448.7 13.5165
1448.93 5.26808
1449.16 5.26965
1449.39 12.2712
1449.62 6.52277
1449.85 11.5243
1450.08 9.7759
1450.31 4.02746
1450.53 12.279
1450.76 11.2806
1450.99 4.53215
1451.22 6.28372
1451.45 10.7853
1451.68 13.7868
1451.91 9.53841
1452.13 15.29
1452.36 7.79153
1452.59 8.0431
1452.82 10.2947
1453.05 14.0462
1453.28 15.0478
1453.5 1.54935
1453.73 13.8009
1453.96 5.30248
1454.19 9.80404
1454.42 8.5556
1454.64 13.0572
1454.87 13.3087
1455.1 10.0603
1455.33 11.8119
1455.55 7.81342
1455.78 14.315
1456.01 14.5665
1456.24 15.8181
1456.46 11.5697
1456.69 7.57124
1456.92 10.5728
1457.14 7.07436
1457.37 16.5759
1457.6 5.57749
1457.83 6.07905
1458.05 15.3306
1458.28 18.8322
1458.51 4.08374
1458.73 14.3353
1458.96 15.3369
1459.19 11.0884
1459.41 7.08999
1459.64 12.8416
1459.87 0.0931209
1460.09 10.3447
1460.32 17.8463
1460.55 8.84781
1460.77 0.599374
1461 8.85094
1461.22 17.6025
1461.45 7.85406
1461.68 9.35563
1461.9 4.85719
1462.13 8.10875
1462.36 11.1103
1462.58 17.3619
1462.81 10.3634
1463.03 14.865
1463.26 9.36657
1463.48 6.61813
1463.71 5.6197
1463.94 14.1213
1464.16 8.62282
1464.39 12.3744
1464.61 17.6259
1464.84 15.3775
1465.06 14.8791
1465.29 11.1306
1465.51 5.6322
1465.74 14.3838
1465.96 5.38533
1466.19 12.1369
1466.41 5.13846
1466.64 7.64002
1466.86 9.64158
1467.09 5.64315
1467.31 11.3947
1467.54 11.3963
1467.76 7.39784
1467.99 8.8994
1468.21 9.65096
1468.43 13.1525
1468.66 10.4041
1468.88 10.6557
1469.11 6.15722
1469.33 11.1588
1469.56 14.6603
1469.78 1.9119
1470 8.17742
1470.23 10.8925
1470.45 11.5488
1470.68 7.61867
1470.9 8.07899
1471.12 10.3251
1471.35 10.0952
1471.57 15.3756
1471.79 15.1836
1472.02 10.7928
1472.24 7.0664
1472.46 13.249
1472.69 5.37193
1472.91 11.2419
1473.13 12.4649
1473.36 3.17352
1473.58 8.6405
1473.8 10.6555
1474.03 4.37538
1474.25 4.10345
1474.47 9.11521
1474.7 12.1982
1474.92 12.2105
1475.14 8.80209
1475.36 8.48489
1475.59 11.6376
1475.81 13.9902
1476.03 8.63206
1476.25 5.76015
1476.48 10.1513
1476.7 7.70608
1476.92 11.3301
1477.14 10.8605
1477.37 11.4503
1477.59 7.35499
1477.81 10.4203
1478.03 8.96549
1478.25 12.1845
1478.48 12.7179
1478.7 5.40932
1478.92 9.23249
1479.14 9.62281
1479.36 7.83987
1479.58 5.6184
1479.81 9.70936
1480.03 8.83171
1480.25 12.8211
1480.47 9.59886
1480.69 10.1233
1480.91 11.8568
1481.14 9.69767
1481.36 10.6099
1481.58 9.79676
1481.8 9.23275
1482.02 10.3018
1482.24 10.9866
1482.46 9.2158
1482.68 12.2747
1482.9 8.69573
1483.12 11.5317
1483.34 12.1288
1483.57 8.84265
1483.79 10.4809
1484.01 5.70028
1484.23 8.83104
1484.45 10.0971
1484.67 4.76696
1484.89 6.7526
1485.11 8.88132
1485.33 12.6005
1485.55 8.19403
1485.77 9.24253
1485.99 6.16432
1486.21 8.4509
1486.43 8.95306
1486.65 6.84383
1486.87 4.54005
1487.09 7.04956
1487.31 10.8558
1487.53 6.59817
1487.75 3.4587
1487.97 7.06201
1488.19 7.87579
1488.41 9.94888
1488.63 10.4868
1488.85 11.6583
1489.06 12.3049
1489.28 5.88526
1489.5 9.18808
1489.72 10.3264
1489.94 9.89577
1490.16 9.867
1490.38 8.80656
1490.6 5.89416
1490.82 4.82947
1491.04 7.35579
1491.26 6.72079
1491.47 6.52025
1491.69 9.72589
1491.91 11.9327
1492.13 11.4992
1492.35 10.1589
1492.57 11.4739
1492.78 9.67695
1493 4.27631
1493.22 4.62327
1493.44 10.7708
1493.66 8.97113
1493.91 5.46872
1494.15 19.4663
1494.4 6.4639
1494.64 8.46149
1494.89 11.2091
1495.13 7.95666
1495.38 5.70425
1495.62 10.7018
1495.87 12.9494
1496.11 8.44701
1496.36 2.9446
1496.6 13.4422
1496.84 8.68978
1497.09 10.1874
1497.33 8.93496
1497.58 8.93254
1497.82 9.68013
1498.07 4.42772
1498.31 14.1753
1498.55 6.9229
1498.8 7.17048
1499.04 8.16807
1499.28 3.91566
1499.53 4.91325
1499.77 0.910836
1500.02 14.1584
1500.26 11.656
1500.5 8.1536
1500.75 7.65119
1500.99 9.64878
1501.23 8.14636
1501.48 10.644
1501.72 6.14154
1501.96 11.6391
1502.21 15.8867
1502.45 14.8843
1502.69 8.13189
1502.94 7.87948
1503.18 2.37707
1503.42 9.87466
1503.66 6.37225
1503.91 9.11983
1504.15 6.11742
1504.39 3.61501
1504.64 6.8626
1504.88 11.1102
1505.12 7.85777
1505.36 9.10536
1505.6 9.60295
1505.85 14.6005
1506.09 9.84813
1506.33 10.0957
1506.57 8.3433
1506.82 10.0909
1507.06 11.5885
1507.3 5.08607
1507.54 -3.41634
1507.78 14.5812
1508.03 4.82883
1508.27 8.57642
1508.51 6.07401
1508.75 10.5716
1508.99 16.5692
1509.23 5.31677
1509.48 14.3144
1509.72 5.31195
1509.96 7.55954
1510.2 8.05713
1510.44 12.8047
1510.68 9.3023
1510.92 3.29989
1511.17 9.04748
1511.41 4.29507
1511.65 13.0427
1511.89 8.29024
1512.13 7.78783
1512.37 4.53542
1512.61 6.53301
1512.85 9.03059
1513.09 10.7782
1513.33 6.27577
1513.58 12.5234
1513.82 8.27095
1514.06 11.0185
1514.3 11.2661
1514.54 11.2637
1514.78 2.2613
1515.02 4.75889
1515.26 7.00647
1515.5 0.254063
1515.74 7.00165
1515.98 8.24924
1516.22 7.49683
1516.46 11.7444
1516.7 6.992
1516.94 9.48959
1517.18 11.4872
1517.42 5.73477
1517.66 5.23236
1517.9 10.4799
1518.14 3.72753
1518.38 -3.52488
1518.62 10.9727
1518.86 6.2203
1519.1 7.21789
1519.33 9.46547
1519.57 10.7131
1519.81 7.96065
1520.05 3.95824
1520.29 5.95582
1520.53 5.70341
1520.77 6.701
1521.01 12.9486
1521.25 6.94618
1521.49 4.19377
1521.73 8.69135
1521.96 3.68894
1522.2 9.93653
1522.44 11.4341
1522.68 10.6817
1522.92 4.92929
1523.16 6.42688
1523.4 14.4245
1523.63 8.67206
1523.87 9.66965
1524.11 12.1672
1524.35 10.1648
1524.59 6.66241
1524.83 4.16
1525.06 11.4076
1525.3 2.40518
1525.54 7.40276
1525.78 4.65035
1526.02 9.39794
1526.25 6.39553
1526.49 8.89312
1526.73 9.1407
1526.97 5.38829
1527.21 12.8859
1527.44 14.1335
1527.68 9.38106
1527.92 6.37864
1528.15 11.1262
1528.39 12.3738
1528.63 12.1214
1528.87 3.619
1529.1 13.1166
1529.34 5.86417
1529.58 3.61176
1529.82 5.85935
1530.05 11.6069
1530.29 16.8545
1530.53 6.10211
1530.76 9.3497
1531 3.84729
1531.24 9.09488
1531.47 8.09247
1531.71 11.8401
1531.95 10.8376
1532.18 10.0852
1532.42 17.5828
1532.66 5.33041
1532.89 3.32799
1533.13 7.82558
1533.36 8.57317
1533.6 0.0707593
1533.84 11.0683
1534.07 7.56594
1534.31 7.31352
1534.55 7.56111
1534.78 15.3087
1535.02 4.55629
1535.25 14.3039
1535.49 8.80146
1535.72 3.54905
1535.96 9.04664
1536.2 4.54423
1536.43 12.7918
1536.67 6.5394
1536.9 14.787
1537.14 9.78458
1537.37 0.532169
1537.61 4.52976
1537.84 -2.97265
1538.08 7.52493
1538.31 11.0225
1538.55 11.5201
1538.78 6.5177
1539.02 7.76529
1539.25 2.51287
1539.49 11.0105
1539.72 5.00805
1539.96 1.75564
1540.19 8.75323
1540.43 4.00081
1540.66 7.4984
1540.9 8.49599
1541.13 15.4936
1541.37 7.49117
1541.6 10.4888
1541.83 7.98634
1542.07 4.98393
1542.3 6.23152
1542.54 6.47911
1542.77 2.4767
1543.01 11.2243
1543.24 13.9719
1543.47 8.46946
1543.71 10.967
1543.94 10.2146
1544.17 10.4622
1544.41 4.70981
1544.64 10.9574
1544.88 5.70499
1545.11 10.7026
1545.34 12.9502
1545.58 5.19775
1545.81 7.44534
1546.04 8.44293
1546.28 7.44052
1546.51 6.18811
1546.74 1.68569
1546.98 3.43328
1547.21 1.93087
1547.44 6.92846
1547.68 2.67605
1547.91 14.1736
1548.14 2.67122
1548.37 15.4188
1548.61 4.6664
1548.84 6.66399
1549.07 -2.58843
1549.31 12.6592
1549.54 9.40675
1549.77 14.4043
1550 13.4019
1550.24 5.39952
1550.47 12.8971
1550.7 10.1447
1550.93 4.64228
1551.16 6.88987
1551.4 3.13746
1551.63 10.385
1551.86 18.1326
1552.09 3.13022
1552.32 9.62781
1552.56 9.3754
1552.79 6.37298
1553.02 14.6206
1553.25 2.36816
1553.48 9.61575
1553.72 6.86334
1553.95 5.61092
1554.18 1.85851
1554.41 7.3561
1554.64 6.85369
1554.87 6.85128
1555.1 6.84887
1555.34 9.84645
1555.57 10.594
1555.8 1.84163
1556.03 6.83922
1556.26 9.58681
1556.49 7.83439
1556.72 9.08198
1556.95 8.32957
1557.18 7.82716
1557.41 5.07475
1557.65 7.82233
1557.88 9.31992
1558.11 4.81751
1558.34 11.5651
1558.57 4.31269
1558.8 8.56028
1559.03 9.05786
1559.26 5.05545
1559.49 8.05304
1559.72 10.8006
1559.95 9.54822
1560.18 8.2958
1560.41 4.29339
1560.64 0.79098
1560.87 10.0386
1561.1 14.7862
1561.33 3.28374
1561.56 6.28133
1561.79 9.02892
1562.02 12.2765
1562.25 8.7741
1562.48 8.77168
1562.71 8.51927
1562.94 11.2669
1563.17 2.76445
1563.4 11.512
1563.63 9.25963
1563.85 9.75721
1564.08 6.2548
1564.31 2.50239
1564.54 5.24998
1564.77 2.99757
1565 5.74515
1565.23 9.24274
1565.46 8.49033
1565.69 3.98792
1565.92 1.73551
1566.15 6.48309
1566.37 12.7307
1566.6 12.9783
1566.83 5.22586
1567.06 7.72345
1567.29 8.97104
1567.52 14.7186
1567.75 -1.28379
1567.97 10.7138
1568.2 9.96139
1568.43 12.459
1568.66 0.956564
1568.89 8.70415
1569.11 5.70174
1569.34 9.19933
1569.57 15.9469
1569.8 11.4445
1570.03 9.19209
1570.25 3.43968
1570.48 6.43727
1570.71 8.68486
1570.94 4.68244
1571.16 3.68003
1571.39 7.92762
1571.62 5.17521
1571.85 7.9228
1572.07 5.42039
1572.3 4.41797
1572.53 6.91556
1572.76 10.9131
1572.98 8.91074
1573.21 9.65833
1573.44 9.65591
1573.66 -0.596498
1573.89 8.90109
1574.12 8.39868
1574.34 9.39627
1574.57 7.89385
1574.8 4.39144
1575.03 6.38903
1575.25 0.636619
1575.48 8.63421
1575.71 11.1318
1575.93 11.3794
1576.16 11.127
1576.39 11.3746
1576.61 12.8721
1576.84 7.11974
1577.06 7.11732
1577.29 11.6149
1577.52 4.1125
1577.74 11.6101
1577.97 1.10768
1578.19 6.60526
1578.42 9.10285
1578.65 9.85044
1578.87 7.59803
1579.1 0.845617
1579.32 11.5932
1579.55 9.59079
1579.77 11.3384
1580 11.836
1580.22 10.3336
1580.45 10.0811
1580.68 10.5787
1580.9 9.82632
1581.13 11.0739
1581.35 11.0715
1581.58 5.06909
1581.8 10.8167
1582.03 8.06426
1582.25 4.06185
1582.48 14.3094
1582.7 4.55703
1582.93 11.0546
1583.15 3.5522
1583.38 9.54979
1583.6 7.54738
1583.83 12.795
1584.05 4.79255
1584.28 14.5401
1584.5 4.03773
1584.72 7.28532
1584.95 13.5329
1585.17 11.2805
1585.4 2.77808
1585.62 6.77567
1585.85 6.77326
1586.07 8.52085
1586.29 5.01844
1586.52 6.26602
1586.74 10.0136
1586.96 5.5112
1587.19 0.508789
1587.41 2.00638
1587.64 8.00396
1587.86 11.2516
1588.08 1.49914
1588.31 6.99673
1588.53 9.99432
1588.75 5.74191
1588.98 5.48949
1589.2 3.73708
1589.42 5.98467
1589.65 12.9823
1589.87 7.47985
1590.09 0.977434
1590.32 8.97502
1590.54 1.47261
1590.76 1.4702
1590.99 4.46779
1591.21 2.46537
1591.43 6.71296
1591.65 2.46055
1591.88 9.20814
1592.1 12.9557
1592.32 7.45331
1592.55 9.9509
1592.77 3.19849
1592.99 2.94608
1593.21 7.69367
1593.44 7.94126
1593.66 8.18884
1593.88 7.68643
1594.1 5.43402
1594.32 0.431608
1594.55 8.1792
1594.77 12.1768
1594.99 6.92437
1595.21 5.42196
1595.43 6.66955
1595.66 0.667137
1595.88 5.16472
1596.1 3.41231
1596.32 0.909901
1596.54 11.1575
1596.76 0.405077
1596.99 2.90267
1597.21 3.90025
1597.43 6.64784
1597.65 3.39543
1597.87 7.14302
1598.09 12.3906
1598.31 8.3882
1598.53 8.13578
1598.76 5.88337
1598.98 12.381
1599.2 5.37855
1599.42 14.3761
1599.64 0.873723
1599.86 2.62131
